[0 15]
[1 15]
[2 50 54]
[3]
[4]
[5 7 24 69 72 75]
[6 32]
[7 5 8 24 69 72]
[8 7 19 33]
[9 37]
[10]
[11 16 29 74 89 96]
[12 22 38 85]
[13]
[14 28 35]
[15 0 1]
[16 11 29]
[17 36]
[18 25 41 84]
[19 8 33]
[20 73 90]
[21 57 64]
[22 12 38]
[23 59 73]
[24 5 7 67 69]
[25 18 62 84]
[26]
[27 43]
[28 14 35]
[29 11 16]
[30 46 81]
[31 47]
[32 6]
[33 8 19 67]
[34]
[35 14 28]
[36 17]
[37 9]
[38 12 22]
[39]
[40 92]
[41 18 85]
[42 87]
[43 27 76]
[44 65 68 77]
[45 83 94]
[46 30]
[47 31]
[48]
[49]
[50 2]
[51 64]
[52]
[53]
[54 2]
[55]
[56]
[57 21 93]
[58]
[59 23]
[60]
[61]
[62 25]
[63 87 95]
[64 21 51]
[65 44]
[66]
[67 24 33]
[68 44 77 94]
[69 5 7 24 72 75]
[70]
[71 77]
[72 5 7 69]
[73 20 23 91]
[74 11 89 96]
[75 5 69 79]
[76 43]
[77 44 68 71]
[78 82 98]
[79 75]
[80 82]
[81 30]
[82 78 80 98]
[83 45]
[84 18 25]
[85 12 41]
[86]
[87 42 63 95]
[88 98]
[89 11 74 96]
[90 20]
[91 73]
[92 40]
[93 57]
[94 45 68]
[95 63 87]
[96 11 74 89]
[97]
[98 78 82 88]
[99]
